HyperCLaw-V1.1
12
density
gpx
gpy
gpz
mu_turb
p
temperature
temperature_mueff
velocityx
velocityy
velocityz
velocity_mueff
3
99.999999999998593
0
0 0 0 
1000 1000 1000 

((0,0,0) (255,255,255) (0,0,0)) 
1000 
3.90625 3.90625 3.90625 
0
0
0 512 99.999999999998593
1000
0 125
0 125
0 125
125 250
0 125
0 125
250 375
0 125
0 125
375 500
0 125
0 125
500 625
0 125
0 125
625 750
0 125
0 125
750 875
0 125
0 125
875 1000
0 125
0 125
0 125
125 250
0 125
125 250
125 250
0 125
250 375
125 250
0 125
375 500
125 250
0 125
500 625
125 250
0 125
625 750
125 250
0 125
750 875
125 250
0 125
875 1000
125 250
0 125
0 125
250 375
0 125
125 250
250 375
0 125
250 375
250 375
0 125
375 500
250 375
0 125
500 625
250 375
0 125
625 750
250 375
0 125
750 875
250 375
0 125
875 1000
250 375
0 125
0 125
375 500
0 125
125 250
375 500
0 125
250 375
375 500
0 125
375 500
375 500
0 125
500 625
375 500
0 125
625 750
375 500
0 125
750 875
375 500
0 125
875 1000
375 500
0 125
0 125
500 625
0 125
125 250
500 625
0 125
250 375
500 625
0 125
375 500
500 625
0 125
500 625
500 625
0 125
625 750
500 625
0 125
750 875
500 625
0 125
875 1000
500 625
0 125
0 125
625 750
0 125
125 250
625 750
0 125
250 375
625 750
0 125
375 500
625 750
0 125
500 625
625 750
0 125
625 750
625 750
0 125
750 875
625 750
0 125
875 1000
625 750
0 125
0 125
750 875
0 125
125 250
750 875
0 125
250 375
750 875
0 125
375 500
750 875
0 125
500 625
750 875
0 125
625 750
750 875
0 125
750 875
750 875
0 125
875 1000
750 875
0 125
0 125
875 1000
0 125
125 250
875 1000
0 125
250 375
875 1000
0 125
375 500
875 1000
0 125
500 625
875 1000
0 125
625 750
875 1000
0 125
750 875
875 1000
0 125
875 1000
875 1000
0 125
0 125
0 125
125 250
125 250
0 125
125 250
250 375
0 125
125 250
375 500
0 125
125 250
500 625
0 125
125 250
625 750
0 125
125 250
750 875
0 125
125 250
875 1000
0 125
125 250
0 125
125 250
125 250
125 250
125 250
125 250
250 375
125 250
125 250
375 500
125 250
125 250
500 625
125 250
125 250
625 750
125 250
125 250
750 875
125 250
125 250
875 1000
125 250
125 250
0 125
250 375
125 250
125 250
250 375
125 250
250 375
250 375
125 250
375 500
250 375
125 250
500 625
250 375
125 250
625 750
250 375
125 250
750 875
250 375
125 250
875 1000
250 375
125 250
0 125
375 500
125 250
125 250
375 500
125 250
250 375
375 500
125 250
375 500
375 500
125 250
500 625
375 500
125 250
625 750
375 500
125 250
750 875
375 500
125 250
875 1000
375 500
125 250
0 125
500 625
125 250
125 250
500 625
125 250
250 375
500 625
125 250
375 500
500 625
125 250
500 625
500 625
125 250
625 750
500 625
125 250
750 875
500 625
125 250
875 1000
500 625
125 250
0 125
625 750
125 250
125 250
625 750
125 250
250 375
625 750
125 250
375 500
625 750
125 250
500 625
625 750
125 250
625 750
625 750
125 250
750 875
625 750
125 250
875 1000
625 750
125 250
0 125
750 875
125 250
125 250
750 875
125 250
250 375
750 875
125 250
375 500
750 875
125 250
500 625
750 875
125 250
625 750
750 875
125 250
750 875
750 875
125 250
875 1000
750 875
125 250
0 125
875 1000
125 250
125 250
875 1000
125 250
250 375
875 1000
125 250
375 500
875 1000
125 250
500 625
875 1000
125 250
625 750
875 1000
125 250
750 875
875 1000
125 250
875 1000
875 1000
125 250
0 125
0 125
250 375
125 250
0 125
250 375
250 375
0 125
250 375
375 500
0 125
250 375
500 625
0 125
250 375
625 750
0 125
250 375
750 875
0 125
250 375
875 1000
0 125
250 375
0 125
125 250
250 375
125 250
125 250
250 375
250 375
125 250
250 375
375 500
125 250
250 375
500 625
125 250
250 375
625 750
125 250
250 375
750 875
125 250
250 375
875 1000
125 250
250 375
0 125
250 375
250 375
125 250
250 375
250 375
250 375
250 375
250 375
375 500
250 375
250 375
500 625
250 375
250 375
625 750
250 375
250 375
750 875
250 375
250 375
875 1000
250 375
250 375
0 125
375 500
250 375
125 250
375 500
250 375
250 375
375 500
250 375
375 500
375 500
250 375
500 625
375 500
250 375
625 750
375 500
250 375
750 875
375 500
250 375
875 1000
375 500
250 375
0 125
500 625
250 375
125 250
500 625
250 375
250 375
500 625
250 375
375 500
500 625
250 375
500 625
500 625
250 375
625 750
500 625
250 375
750 875
500 625
250 375
875 1000
500 625
250 375
0 125
625 750
250 375
125 250
625 750
250 375
250 375
625 750
250 375
375 500
625 750
250 375
500 625
625 750
250 375
625 750
625 750
250 375
750 875
625 750
250 375
875 1000
625 750
250 375
0 125
750 875
250 375
125 250
750 875
250 375
250 375
750 875
250 375
375 500
750 875
250 375
500 625
750 875
250 375
625 750
750 875
250 375
750 875
750 875
250 375
875 1000
750 875
250 375
0 125
875 1000
250 375
125 250
875 1000
250 375
250 375
875 1000
250 375
375 500
875 1000
250 375
500 625
875 1000
250 375
625 750
875 1000
250 375
750 875
875 1000
250 375
875 1000
875 1000
250 375
0 125
0 125
375 500
125 250
0 125
375 500
250 375
0 125
375 500
375 500
0 125
375 500
500 625
0 125
375 500
625 750
0 125
375 500
750 875
0 125
375 500
875 1000
0 125
375 500
0 125
125 250
375 500
125 250
125 250
375 500
250 375
125 250
375 500
375 500
125 250
375 500
500 625
125 250
375 500
625 750
125 250
375 500
750 875
125 250
375 500
875 1000
125 250
375 500
0 125
250 375
375 500
125 250
250 375
375 500
250 375
250 375
375 500
375 500
250 375
375 500
500 625
250 375
375 500
625 750
250 375
375 500
750 875
250 375
375 500
875 1000
250 375
375 500
0 125
375 500
375 500
125 250
375 500
375 500
250 375
375 500
375 500
375 500
375 500
375 500
500 625
375 500
375 500
625 750
375 500
375 500
750 875
375 500
375 500
875 1000
375 500
375 500
0 125
500 625
375 500
125 250
500 625
375 500
250 375
500 625
375 500
375 500
500 625
375 500
500 625
500 625
375 500
625 750
500 625
375 500
750 875
500 625
375 500
875 1000
500 625
375 500
0 125
625 750
375 500
125 250
625 750
375 500
250 375
625 750
375 500
375 500
625 750
375 500
500 625
625 750
375 500
625 750
625 750
375 500
750 875
625 750
375 500
875 1000
625 750
375 500
0 125
750 875
375 500
125 250
750 875
375 500
250 375
750 875
375 500
375 500
750 875
375 500
500 625
750 875
375 500
625 750
750 875
375 500
750 875
750 875
375 500
875 1000
750 875
375 500
0 125
875 1000
375 500
125 250
875 1000
375 500
250 375
875 1000
375 500
375 500
875 1000
375 500
500 625
875 1000
375 500
625 750
875 1000
375 500
750 875
875 1000
375 500
875 1000
875 1000
375 500
0 125
0 125
500 625
125 250
0 125
500 625
250 375
0 125
500 625
375 500
0 125
500 625
500 625
0 125
500 625
625 750
0 125
500 625
750 875
0 125
500 625
875 1000
0 125
500 625
0 125
125 250
500 625
125 250
125 250
500 625
250 375
125 250
500 625
375 500
125 250
500 625
500 625
125 250
500 625
625 750
125 250
500 625
750 875
125 250
500 625
875 1000
125 250
500 625
0 125
250 375
500 625
125 250
250 375
500 625
250 375
250 375
500 625
375 500
250 375
500 625
500 625
250 375
500 625
625 750
250 375
500 625
750 875
250 375
500 625
875 1000
250 375
500 625
0 125
375 500
500 625
125 250
375 500
500 625
250 375
375 500
500 625
375 500
375 500
500 625
500 625
375 500
500 625
625 750
375 500
500 625
750 875
375 500
500 625
875 1000
375 500
500 625
0 125
500 625
500 625
125 250
500 625
500 625
250 375
500 625
500 625
375 500
500 625
500 625
500 625
500 625
500 625
625 750
500 625
500 625
750 875
500 625
500 625
875 1000
500 625
500 625
0 125
625 750
500 625
125 250
625 750
500 625
250 375
625 750
500 625
375 500
625 750
500 625
500 625
625 750
500 625
625 750
625 750
500 625
750 875
625 750
500 625
875 1000
625 750
500 625
0 125
750 875
500 625
125 250
750 875
500 625
250 375
750 875
500 625
375 500
750 875
500 625
500 625
750 875
500 625
625 750
750 875
500 625
750 875
750 875
500 625
875 1000
750 875
500 625
0 125
875 1000
500 625
125 250
875 1000
500 625
250 375
875 1000
500 625
375 500
875 1000
500 625
500 625
875 1000
500 625
625 750
875 1000
500 625
750 875
875 1000
500 625
875 1000
875 1000
500 625
0 125
0 125
625 750
125 250
0 125
625 750
250 375
0 125
625 750
375 500
0 125
625 750
500 625
0 125
625 750
625 750
0 125
625 750
750 875
0 125
625 750
875 1000
0 125
625 750
0 125
125 250
625 750
125 250
125 250
625 750
250 375
125 250
625 750
375 500
125 250
625 750
500 625
125 250
625 750
625 750
125 250
625 750
750 875
125 250
625 750
875 1000
125 250
625 750
0 125
250 375
625 750
125 250
250 375
625 750
250 375
250 375
625 750
375 500
250 375
625 750
500 625
250 375
625 750
625 750
250 375
625 750
750 875
250 375
625 750
875 1000
250 375
625 750
0 125
375 500
625 750
125 250
375 500
625 750
250 375
375 500
625 750
375 500
375 500
625 750
500 625
375 500
625 750
625 750
375 500
625 750
750 875
375 500
625 750
875 1000
375 500
625 750
0 125
500 625
625 750
125 250
500 625
625 750
250 375
500 625
625 750
375 500
500 625
625 750
500 625
500 625
625 750
625 750
500 625
625 750
750 875
500 625
625 750
875 1000
500 625
625 750
0 125
625 750
625 750
125 250
625 750
625 750
250 375
625 750
625 750
375 500
625 750
625 750
500 625
625 750
625 750
625 750
625 750
625 750
750 875
625 750
625 750
875 1000
625 750
625 750
0 125
750 875
625 750
125 250
750 875
625 750
250 375
750 875
625 750
375 500
750 875
625 750
500 625
750 875
625 750
625 750
750 875
625 750
750 875
750 875
625 750
875 1000
750 875
625 750
0 125
875 1000
625 750
125 250
875 1000
625 750
250 375
875 1000
625 750
375 500
875 1000
625 750
500 625
875 1000
625 750
625 750
875 1000
625 750
750 875
875 1000
625 750
875 1000
875 1000
625 750
0 125
0 125
750 875
125 250
0 125
750 875
250 375
0 125
750 875
375 500
0 125
750 875
500 625
0 125
750 875
625 750
0 125
750 875
750 875
0 125
750 875
875 1000
0 125
750 875
0 125
125 250
750 875
125 250
125 250
750 875
250 375
125 250
750 875
375 500
125 250
750 875
500 625
125 250
750 875
625 750
125 250
750 875
750 875
125 250
750 875
875 1000
125 250
750 875
0 125
250 375
750 875
125 250
250 375
750 875
250 375
250 375
750 875
375 500
250 375
750 875
500 625
250 375
750 875
625 750
250 375
750 875
750 875
250 375
750 875
875 1000
250 375
750 875
0 125
375 500
750 875
125 250
375 500
750 875
250 375
375 500
750 875
375 500
375 500
750 875
500 625
375 500
750 875
625 750
375 500
750 875
750 875
375 500
750 875
875 1000
375 500
750 875
0 125
500 625
750 875
125 250
500 625
750 875
250 375
500 625
750 875
375 500
500 625
750 875
500 625
500 625
750 875
625 750
500 625
750 875
750 875
500 625
750 875
875 1000
500 625
750 875
0 125
625 750
750 875
125 250
625 750
750 875
250 375
625 750
750 875
375 500
625 750
750 875
500 625
625 750
750 875
625 750
625 750
750 875
750 875
625 750
750 875
875 1000
625 750
750 875
0 125
750 875
750 875
125 250
750 875
750 875
250 375
750 875
750 875
375 500
750 875
750 875
500 625
750 875
750 875
625 750
750 875
750 875
750 875
750 875
750 875
875 1000
750 875
750 875
0 125
875 1000
750 875
125 250
875 1000
750 875
250 375
875 1000
750 875
375 500
875 1000
750 875
500 625
875 1000
750 875
625 750
875 1000
750 875
750 875
875 1000
750 875
875 1000
875 1000
750 875
0 125
0 125
875 1000
125 250
0 125
875 1000
250 375
0 125
875 1000
375 500
0 125
875 1000
500 625
0 125
875 1000
625 750
0 125
875 1000
750 875
0 125
875 1000
875 1000
0 125
875 1000
0 125
125 250
875 1000
125 250
125 250
875 1000
250 375
125 250
875 1000
375 500
125 250
875 1000
500 625
125 250
875 1000
625 750
125 250
875 1000
750 875
125 250
875 1000
875 1000
125 250
875 1000
0 125
250 375
875 1000
125 250
250 375
875 1000
250 375
250 375
875 1000
375 500
250 375
875 1000
500 625
250 375
875 1000
625 750
250 375
875 1000
750 875
250 375
875 1000
875 1000
250 375
875 1000
0 125
375 500
875 1000
125 250
375 500
875 1000
250 375
375 500
875 1000
375 500
375 500
875 1000
500 625
375 500
875 1000
625 750
375 500
875 1000
750 875
375 500
875 1000
875 1000
375 500
875 1000
0 125
500 625
875 1000
125 250
500 625
875 1000
250 375
500 625
875 1000
375 500
500 625
875 1000
500 625
500 625
875 1000
625 750
500 625
875 1000
750 875
500 625
875 1000
875 1000
500 625
875 1000
0 125
625 750
875 1000
125 250
625 750
875 1000
250 375
625 750
875 1000
375 500
625 750
875 1000
500 625
625 750
875 1000
625 750
625 750
875 1000
750 875
625 750
875 1000
875 1000
625 750
875 1000
0 125
750 875
875 1000
125 250
750 875
875 1000
250 375
750 875
875 1000
375 500
750 875
875 1000
500 625
750 875
875 1000
625 750
750 875
875 1000
750 875
750 875
875 1000
875 1000
750 875
875 1000
0 125
875 1000
875 1000
125 250
875 1000
875 1000
250 375
875 1000
875 1000
375 500
875 1000
875 1000
500 625
875 1000
875 1000
625 750
875 1000
875 1000
750 875
875 1000
875 1000
875 1000
875 1000
875 1000
Level_0/Cell
